194.03,88.24365
194.578,84.26288
195.127,72.22231
195.676,77.23833
196.225,153.39546
196.773,138.37
197.321,158.41297
197.87,233.55178
198.418,217.50853
198.966,186.44125
199.513,113.2587
200.061,147.34005
200.609,212.51319
201.156,188.36888
201.704,149.34248
202.251,191.45983
202.798,200.47117
203.345,220.4928
203.892,223.5062
204.438,204.44169
204.985,159.34022
205.532,152.36574
206.078,228.50356
206.624,221.48698
207.17,204.42771
207.716,202.44147
208.262,272.47307
208.808,153.34082
209.354,210.45915
209.899,261.59437
210.445,156.35189
210.99,176.38319
211.535,271.5678
212.08,216.45267
212.625,237.53426
213.17,286.64695
213.715,153.30652
214.259,231.48378
214.804,240.53471
215.348,174.36223
215.892,217.46974
216.436,259.5381
216.98,196.39367
217.524,235.49826
218.068,239.54317
218.612,229.52213
219.155,208.44246
219.698,226.48577
220.242,256.5765
220.785,135.29074
221.328,151.34638
221.871,230.53086
222.414,174.39826
222.956,112.24871
223.499,180.36922
224.041,212.45018
224.583,211.41529
225.126,149.30155
225.668,158.35203
226.21,174.40018
226.751,123.24688
227.293,197.41021
227.835,164.3663
228.376,222.46566
228.918,183.42399
229.459,182.41238
230,215.46322
230.541,221.461
231.082,194.42758
231.622,184.38697
232.163,181.39901
232.704,128.29203
233.244,177.40048
233.784,219.48823
234.324,102.20534
234.864,200.41024
235.404,178.38705
235.944,152.33108
236.484,202.45918
237.023,240.5083
237.563,172.36094
238.102,193.41368
238.641,180.41514
239.18,141.3004
239.719,201.45793
240.258,220.44535
240.797,203.43793
241.335,234.51616
241.874,188.32419
242.412,180.39206
242.95,141.30653
243.488,205.42173
244.026,185.3847
244.564,219.40282
245.102,190.38409
245.64,216.47047
246.177,184.37281
246.715,217.46994
247.252,201.41686
247.789,227.38257
248.326,206.4424
248.863,169.33403
249.4,215.43832
249.936,208.38172
250.473,178.37403
251.009,211.43134
251.546,217.42629
252.082,230.44831
252.618,194.3866
253.154,165.35779
253.69,167.33938
254.226,185.39722
254.761,180.36337
255.297,114.22707
255.832,184.39107
256.367,263.54739
256.903,201.39337
257.438,283.58586
257.972,181.36161
258.507,164.3364
259.042,225.43283
259.576,150.28862
260.111,214.44173
260.645,233.44649
261.179,206.42732
261.713,228.44779
262.247,214.43935
262.781,195.36174
263.315,221.48003
263.849,196.43777
264.382,242.49212
264.915,210.43523
265.449,107.2346
265.982,178.3628
266.515,220.47552
267.048,143.27097
267.58,233.45038
268.113,201.38293
268.646,197.43228
269.178,171.3391
269.71,233.44735
270.243,220.44433
270.775,233.52396
271.307,234.49906
271.838,245.51515
272.37,232.50339
272.902,238.47582
273.433,246.46901
273.965,228.48922
274.496,212.46862
275.027,216.47327
275.558,230.49011
276.089,164.35645
276.62,230.51838
277.15,219.47852
277.681,235.44684
278.211,245.52831
278.741,236.45038
279.272,182.36589
279.802,204.45075
280.332,207.42777
280.861,220.46472
281.391,239.46995
281.921,258.54236
282.45,239.52421
282.98,224.51434
283.509,189.37286
284.038,207.41202
284.567,226.46231
285.096,218.4609
285.625,213.42041
286.153,231.46879
286.682,196.39058
287.21,225.46997
287.739,182.37653
288.267,186.39325
288.795,253.58034
289.323,221.4446
289.851,253.50968
290.378,223.43146
290.906,169.35598
291.433,282.60195
291.961,215.41797
292.488,247.52965
293.015,197.39961
293.542,216.47147
294.069,217.45889
294.596,261.55435
295.122,244.49732
295.649,234.44027
296.175,233.48581
296.702,241.50138
297.228,274.56736
297.754,241.45847
298.28,271.51604
298.806,235.47996
299.332,197.36947
299.857,251.47586
300.383,278.59805
300.908,160.33205
301.433,232.47609
301.958,302.58305
302.483,226.47677
303.008,264.5513
303.533,257.56915
304.058,272.53825
304.582,192.38279
305.107,253.55421
305.631,257.49081
306.155,266.51158
306.679,280.53746
307.203,231.44587
307.727,279.54654
308.251,267.54853
308.775,242.47215
309.298,227.44867
309.822,261.54685
310.345,323.61986
310.868,259.50784
311.391,286.57842
311.914,249.51317
312.437,308.56868
312.96,244.46881
313.482,279.53438
314.005,277.566
314.527,277.59269
315.049,315.64481
315.571,304.52901
316.093,318.6281
316.615,269.51897
317.137,311.52846
317.659,340.65453
318.18,329.62833
318.702,329.59605
319.223,272.43289
319.744,294.51134
320.265,281.53196
320.786,289.55595
321.307,293.56907
321.828,302.52414
322.348,360.64042
322.869,257.46583
323.389,420.46976
323.909,383.65365
324.43,418.75598
324.95,285.49082
325.47,328.60288
325.989,322.56212
326.509,284.45666
327.029,305.49978
327.548,290.47321
328.067,329.5751
328.587,344.6288
329.106,338.54815
329.625,386.75168
330.144,315.51762
330.662,386.61933
331.181,350.57531
331.7,365.59513
332.218,384.55998
332.736,432.68411
333.255,354.56344
333.773,355.57492
334.291,418.71706
334.808,381.55818
335.326,393.58217
335.844,369.55762
336.361,377.63198
336.879,383.57254
337.396,324.51271
337.913,401.57919
338.43,496.67014
338.947,426.63205
339.464,384.49277
339.981,393.5733
340.497,384.59791
341.014,404.60487
341.53,358.48256
342.046,358.5392
342.562,402.61572
343.078,446.61165
343.594,479.66103
344.11,452.6207
344.626,401.60019
345.141,505.62673
345.657,520.64424
346.172,533.70482
346.687,414.52365
347.202,432.51917
347.717,520.66345
348.232,480.6622
348.747,533.62665
349.261,459.49084
349.776,504.60938
350.29,518.65177
350.805,564.72269
351.319,557.63853
351.833,460.50629
352.347,505.58358
352.861,593.64423
353.374,554.61051
353.888,565.65898
354.401,572.60207
354.915,458.46469
355.428,512.6097
355.941,541.56267
356.454,670.63916
356.967,478.52737
357.48,524.5385
357.993,606.67061
358.505,540.59087
359.018,652.68221
359.53,588.59855
360.042,641.55555
360.554,604.62001
361.066,572.58607
361.578,613.50027
362.09,557.54835
362.602,625.50006
363.113,630.55085
363.625,578.47879
364.136,646.49502
364.647,589.47392
365.158,658.53805
365.669,661.56922
366.18,632.5279
366.691,605.43965
367.201,598.50515
367.712,709.49203
368.222,705.48758
368.733,617.37533
369.243,638.38945
369.753,712.46735
370.263,774.51696
370.773,711.51852
371.282,735.45418
371.792,714.34714
372.301,705.40765
372.811,691.48859
373.32,700.22308
373.829,685.29654
374.338,805.22717
374.847,785.22391
375.356,791.22306
375.865,823.05162
376.373,941.06431
376.882,949.20199
377.39,944.09662
377.898,808.04227
378.407,1039.84819
378.915,1051.77834
379.423,1032.80955
379.93,1059.71749
380.438,1013.706
380.946,1190.54123
381.453,1221.47921
381.96,1330.35009
382.468,1213.3539
382.975,1407.24793
383.482,1412.23295
383.989,1399.24181
384.495,1492.22109
385.002,1528.35737
385.509,1674.34121
386.015,1792.76775
386.521,1870.79371
387.028,1872.09361
387.534,1876.42435
388.04,2205.63989
388.546,1818.00155
389.051,2014.08802
389.557,2299.48735
390.063,2654.83579
390.568,2508.36659
391.073,2393.47954
391.578,2582.79991
392.084,2300.25768
392.589,2448.41503
393.093,2611.16642
393.598,3126.67087
394.103,3267.65897
394.607,3888.91306
395.112,4038.22406
395.616,4319.07197
396.12,4010.23786
396.624,4305.53958
397.128,5033.14134
397.632,5890.29932
398.136,5649.68145
398.639,5154.41905
399.143,5774.48285
399.646,6356.50546
400.15,6453.21444
400.653,7084.57091
401.156,7532.96297
401.659,3880.3814
402.162,661.81283
402.664,0
403.167,0
403.67,0
404.172,0
404.674,0
405.176,0
405.678,0
406.18,0
406.682,0
407.184,0
407.686,0
408.187,0
408.688,0
409.19,0
409.691,0
410.192,0
410.693,0
411.194,435.30976
411.694,4082.94878
412.195,8864.71461
412.696,12089.80453
413.196,12760.96929
413.696,12863.67595
414.196,13703.56671
414.696,17261.84252
415.196,21764.24417
415.696,22171.98375
416.196,16435.3201
416.695,11582.29627
417.195,9602.98524
417.694,9449.83302
418.194,8950.76569
418.693,8057.15494
419.192,8047.24803
419.691,7861.66567
420.19,7817.26006
420.688,7876.25666
421.187,7493.99546
421.685,7202.20178
422.184,6341.26241
422.682,5429.22124
423.18,4224.46653
423.678,3677.75977
424.176,3432.63454
424.674,3278.83635
425.172,3197.93624
425.669,2903.06406
426.167,2888.94477
426.664,2492.61073
427.161,2349.90301
427.659,2084.30929
428.156,1976.34963
428.652,1849.06768
429.149,1775.08063
429.646,1646.12709
430.143,1616.15207
430.639,1512.23229
431.135,1415.36792
431.632,1345.41018
432.128,1148.61693
432.624,1068.74667
433.12,1103.62341
433.616,1001.69148
434.111,876.8148
434.607,879.88221
435.103,948.83115
435.598,917.86446
436.093,940.03843
436.588,850.07443
437.083,840.1299
437.578,737.19118
438.073,604.24444
438.568,676.32149
439.062,613.19409
439.557,663.33479
440.051,562.27314
440.546,457.24916
441.04,498.32014
441.534,550.4175
442.028,598.41086
442.522,463.3429
443.015,474.29119
443.509,501.40844
444.002,427.36246
444.496,463.31023
444.989,434.38315
445.482,393.36716
445.975,392.29809
446.468,415.28958
446.961,376.27158
447.454,400.3286
447.947,251.23728
448.439,354.35273
448.931,340.28915
449.424,379.41099
449.916,328.33982
450.408,232.2165
450.9,229.24606
451.392,227.26563
451.884,254.259
452.375,167.19613
452.867,339.33819
453.358,217.22042
453.849,167.15923
454.341,192.20145
454.832,200.19531
455.323,132.16222
455.814,218.24312
456.304,238.26666
456.795,205.23171
457.285,245.27124
457.776,222.26181
458.266,161.19992
458.756,149.19422
459.247,155.19561
459.737,87.11332
460.226,198.23074
460.716,163.21349
461.206,165.22124
461.695,110.16225
462.185,166.22147
462.674,166.2172
463.163,146.18328
463.653,154.17958
464.142,102.14658
464.63,153.22561
465.119,94.12994
465.608,142.19413
466.096,121.15836
466.585,143.20351
467.073,181.26903
467.561,129.19676
468.05,151.22061
468.538,119.19008
469.026,124.1919
469.513,105.13873
470.001,97.14189
470.489,87.13523
470.976,88.13474
471.463,75.12812
471.951,51.08919
472.438,95.15079
472.925,30.04826
473.412,92.15915
473.899,84.13428
474.385,48.08449
474.872,22.03648
475.359,40.07034
475.845,46.06668
476.331,41.0644
476.817,89.15827
477.303,5.00859
477.789,58.10322
478.275,-38.07167
478.761,16.02916
479.247,71.11815
479.732,2.00379
480.218,-1.00202
480.703,-20.03865
481.188,3.00489
481.673,18.0316
482.158,-64.1043
482.643,36.07224
483.128,-31.05516
483.612,-8.01472
484.097,37.07176
484.581,32.05878
485.066,-40.07811
485.55,-13.02249
486.034,-54.09351
486.518,-65.12329
487.002,-84.16786
487.486,-58.1158
487.969,-81.16288
488.453,-4.00829
488.936,-43.07925
489.42,-5.00902
489.903,-27.05672
490.386,-486.74272
490.869,0
491.352,-44.09111
491.835,32.05403
492.318,-79.14984
492.8,2.00341
493.283,-61.1312
493.765,-124.26205
494.247,-17.0337
494.73,-55.10295
495.212,0
495.694,-78.15522
496.175,-92.18564
496.657,-13.02623
497.139,29.04216
497.62,-148.30426
498.102,-99.21266
498.583,-78.16997
499.064,-107.20603
499.545,-78.15406
500.026,-92.17864
500.507,-75.15116
500.988,-77.16704
501.469,-124.2725
501.949,-74.16036
502.43,-152.31799
502.91,-105.18915
503.39,-57.12524
503.87,-102.20989
504.35,-74.15392
504.83,-119.22958
505.31,-125.26805
505.79,-146.31017
506.269,-62.12735
506.749,-147.29846
507.228,-147.30705
507.707,-75.1458
508.187,-58.12241
508.666,-130.28388
509.145,-145.30233
509.623,-104.2167
510.102,-129.27997
510.581,-78.16787
511.059,-136.30465
511.538,-84.19412
512.016,-97.20684
512.494,-72.15563
512.972,-133.28557
513.45,-169.35112
513.928,-144.31418
514.406,-206.4485
514.884,-118.27237
515.361,-120.25816
515.839,-169.34924
516.316,-139.30193
516.793,-63.14266
517.27,-85.18542
517.747,-154.35843
518.224,-93.19357
518.701,-111.2229
519.178,-144.3223
519.654,-100.21541
520.131,-126.28225
520.607,-121.273
521.083,-161.33584
521.56,-100.21309
522.036,-93.18442
522.512,-113.25391
522.987,-161.34777
523.463,-120.25882
523.939,-118.26367
524.414,-94.19709
524.89,-129.27925
525.365,-88.17994
525.84,-174.37755
526.315,-141.31005
526.79,-134.27635
527.265,-101.20909
527.74,-124.27548
528.215,-120.25805
528.689,-143.29007
529.164,-87.17172
529.638,-105.24646
530.112,-164.35524
530.587,-114.22083
531.061,-146.32233
531.534,-101.22377
532.008,-121.26551
532.482,-83.17352
532.956,-140.32649
533.429,-111.24613
533.903,-82.16546
534.376,-109.2205
534.849,-74.15598
535.322,-137.29796
535.795,-103.23049
536.268,-124.27353
536.741,-62.13539
537.213,-94.19891
537.686,-128.2859
538.158,-116.23729
538.631,-60.13296
539.103,-108.22103
539.575,-57.10812
540.047,-29.05751
540.519,-50.10868
540.991,-56.12493
541.463,-33.07229
541.934,-53.11002
542.406,-86.18684
542.877,-40.08164
543.348,16.03466
543.82,12.02645
544.291,12.02517
544.762,-18.03831
545.233,21.04692
545.703,3.00591
546.174,52.107
546.645,-2.00424
547.115,46.0979
547.585,93.18701
548.056,26.05512
548.526,77.15734
548.996,171.35258
549.466,162.34116
549.935,142.28653
550.405,184.33904
550.875,214.42546
551.344,237.47679
551.814,242.46385
552.283,349.61522
552.752,279.53205
553.221,342.59358
553.69,412.72308
554.159,407.79578
554.628,395.69596
555.096,475.94987
555.565,477.82732
556.033,537.98739
556.502,599.12087
556.97,609.02983
557.438,644.17229
557.906,703.27184
558.374,725.25443
558.842,725.31706
559.31,903.45369
559.777,826.48158
560.245,950.61406
560.712,969.60886
561.18,1068.61572
561.647,1105.68545
562.114,1144.76539
562.581,1315.15888
563.048,1349.01231
563.514,1369.19122
563.981,1430.06361
564.448,1536.08281
564.914,1643.28299
565.381,1714.25801
565.847,1800.40662
566.313,1913.44425
566.779,1985.35527
567.245,2040.51752
567.711,2143.64992
568.176,2235.39621
568.642,2340.91411
569.108,2476.85376
569.573,2537.68197
570.038,2740.15098
570.504,2737.40718
570.969,2864.9944
571.434,2922.27058
571.899,2948.69032
572.363,3104.43346
572.828,3263.43453
573.293,3300.41574
573.757,3442.37156
574.222,3429.19546
574.686,3505.18201
575.15,3609.48081
575.614,3568.29972
576.078,3631.39752
576.542,3574.26969
577.006,3668.16358
577.469,3635.76506
577.933,3692.09496
578.396,3732.45773
578.86,3662.43327
579.323,3504.53901
579.786,3570.99016
580.249,3446.30846
580.712,3434.74601
581.175,3415.79267
581.637,3336.46006
582.1,3314.21674
582.563,3266.13236
583.025,3140.76242
583.487,3143.85735
583.95,3004.16726
584.412,3007.09996
584.874,2822.81958
585.336,2824.69576
585.797,2733.27374
586.259,2694.7043
586.721,2620.65147
587.182,2555.67518
587.643,2440.51192
588.105,2397.68507
588.566,2431.2033
589.027,2298.71967
589.488,2231.49373
589.949,2231.75327
590.41,2105.87776
590.87,2090.47282
591.331,2074.25784
591.791,2047.47317
592.252,1988.4055
592.712,1986.61987
593.172,1878.31835
593.632,1899.25326
594.092,1878.29097
594.552,1862.16448
595.011,1793.33077
595.471,1781.25467
595.931,1830.26381
596.39,1761.46527
596.849,1789.39083
597.308,1825.18472
597.768,1760.68893
598.227,1837.54946
598.685,1772.35452
599.144,1838.43611
599.603,1891.51701
600.062,1904.08636
600.52,1844.26259
600.978,1939.54372
601.437,2014.45001
601.895,2002.15783
602.353,2061.34932
602.811,2085.34798
603.269,2123.6588
603.727,2191.68157
604.184,2223.4251
604.642,2280.80933
605.099,2327.58321
605.557,2382.82172
606.014,2442.26761
606.471,2511.9267
606.928,2602.22226
607.385,2628.79045
607.842,2776.52474
608.299,2846.62681
608.755,2820.78356
609.212,2903.36272
609.668,2935.31665
610.125,3012.79834
610.581,3021.75936
611.037,3076.54739
611.493,3059.72492
611.949,2979.79789
612.405,3093.89245
612.861,3116.71431
613.316,3133.74935
613.772,3162.54872
614.227,3143.68953
614.683,3218.21171
615.138,3208.63578
615.593,3220.60363
616.048,3209.55582
616.503,3132.97555
616.958,3131.06433
617.412,3166.74009
617.867,3069.39102
618.321,3128.107
618.776,3037.44905
619.23,2912.76342
619.684,2915.59409
620.138,2897.75107
620.592,2811.97404
621.046,2913.81169
621.5,2768.98676
621.954,2599.63381
622.407,2653.58192
622.861,2523.97939
623.314,2475.68329
623.768,2411.76989
624.221,2381.09008
624.674,2270.69849
625.127,2278.77584
625.58,2225.67571
626.033,2210.546
626.485,2138.8298
626.938,2122.81901
627.39,1977.65831
627.843,1985.64864
628.295,1928.62027
628.747,1893.71015
629.199,1856.5252
629.651,1847.51835
630.103,1722.47276
630.555,1740.23398
631.006,1668.52882
631.458,1676.55604
631.909,1680.49045
632.361,1629.49444
632.812,1580.41788
633.263,1538.18322
633.714,1504.14499
634.165,1542.56569
634.616,1447.40851
635.067,1505.26494
635.518,1448.43051
635.968,1426.9311
636.419,1391.11041
636.869,1384.3626
637.319,1333.22123
637.769,1320.11761
638.219,1338.33598
638.669,1312.29277
639.119,1283.33259
639.569,1249.25572
640.019,1215.10867
640.468,1248.05672
640.918,1216.22315
641.367,1226.04696
641.816,1200.01205
642.265,1232.1355
642.714,1170.06281
643.163,1159.03539
643.612,1137.10586
644.061,1175.85329
644.51,1158.0109
644.958,1188.96165
645.406,1150.12527
645.855,1152.19763
646.303,1123.04178
646.751,1114.95883
647.199,1110.95787
647.647,1075.93879
648.095,1146.02032
648.543,1185.81357
648.99,1071.02257
649.438,1166.11969
649.885,1101.16025
650.333,1134.64598
650.78,1102.09796
651.227,1088.09722
651.674,1135.00137
652.121,1141.17607
652.568,1106.12083
653.015,1081.19542
653.461,1122.09188
653.908,1139.06784
654.354,1163.16482
654.801,1082.00518
655.247,1159.9552
655.693,1108.32203
656.139,1126.12621
656.585,1131.1362
657.031,1030.92221
657.477,1108.8552
657.922,1098.99095
658.368,1077.13682
658.813,1155.10122
659.259,1114.11678
659.704,1038.94194
660.149,1070.98817
660.594,1120.10252
661.039,1090.96442
661.484,1125.13309
661.929,1128.08138
662.373,1090.21623
662.818,1130.23543
663.262,1044.03235
663.707,1079.21712
664.151,1064.10364
664.595,1057.05918
665.039,1071.16327
665.483,1090.25026
665.927,1095.06299
666.371,1016.90351
666.814,1123.13856
667.258,1046.99924
667.701,1115.89288
668.145,1132.2633
668.588,1081.14874
669.031,1092.05182
669.474,1101.13093
669.917,1113.95045
670.36,1126.24508
670.803,1136.19205
671.245,1113.83879
671.688,1105.17624
672.13,1037.8758
672.573,1111.29417
673.015,1076.0938
673.457,1060.84712
673.899,1102.15665
674.341,998.99187
674.783,1064.07138
675.225,1094.18116
675.666,1081.10008
676.108,1116.91546
676.549,1088.08423
676.991,1114.94763
677.432,1113.72181
677.873,1081.0177
678.314,1056.05674
678.755,1091.15362
679.196,1107.02679
679.637,1132.23004
680.078,1058.0169
680.518,1109.08029
680.959,1068.08409
681.399,1023.09907
681.839,1100.17193
682.28,1090.18919
682.72,1052.95466
683.16,1081.20038
683.6,1116.0377
684.039,1101.81187
684.479,1088.17418
684.919,1091.01941
685.358,1091.27085
685.798,1061.30564
686.237,1039.06988
686.676,1089.04566
687.115,1114.10656
687.554,1033.01517
687.993,1089.93218
688.432,1018.9082
688.871,1065.9549
689.309,1075.09037
689.748,1100.82273
690.186,1095.12432
690.625,1053.01363
691.063,1127.1762
691.501,1137.27279
691.939,1064.18186
692.377,1096.17509
692.815,1060.07137
693.253,1099.14724
693.69,1056.87492
694.128,1065.11003
694.565,1144.18863
695.003,1098.28393
695.44,1139.14194
695.877,1029.97191
696.314,1158.95509
696.751,1121.04942
697.188,1112.04871
697.625,1151.10656
698.061,1090.12511
698.498,1152.24097
698.934,1079.12097
699.371,1093.08129
699.807,1182.21925
700.243,1116.17079
700.679,1149.06608
701.115,1148.16576
701.551,1132.14172
701.987,1177.08541
702.422,1129.1552
702.858,1111.13911
703.294,1133.04654
703.729,1108.20506
704.164,1109.16274
704.599,1167.0463
705.035,1063.92294
705.47,1130.21779
705.904,1077.03492
706.339,1214.2217
706.774,1125.11554
707.209,1096.03623
707.643,1135.1948
708.078,1082.15222
708.512,1069.19752
708.946,1114.16178
709.38,1042.0275
709.814,1115.04455
710.248,1136.23585
710.682,1070.07522
711.116,982.94815
711.549,1019.20124
711.983,1017.93297
712.416,1084.08451
712.85,1021.11748
713.283,1054.04121
713.716,1112.28348
714.149,1048.05268
714.582,970.80468
715.015,1079.22306
715.448,1009.12592
715.881,1032.83787
716.313,926.82755
716.746,957.88396
717.178,902.84248
717.61,958.05484
718.043,883.88861
718.475,934.91306
718.907,941.02395
719.339,835.61886
719.77,843.71525
720.202,906.95906
720.634,824.7339
721.065,805.65419
721.497,863.81801
721.928,765.64736
722.359,706.50753
722.79,776.62066
723.221,809.77713
723.652,818.84531
724.083,733.44789
724.514,745.49914
724.945,716.48598
725.375,685.40924
725.806,708.57434
726.236,740.68151
726.666,718.50206
727.096,684.49893
727.526,625.4375
727.956,664.34299
728.386,654.44756
728.816,627.43522
729.246,591.30444
729.675,562.26489
730.105,641.422
730.534,593.25805
730.964,610.40213
731.393,628.41246
731.822,590.37554
732.251,550.28319
732.68,601.28391
733.109,523.18876
733.537,494.10528
733.966,540.23315
734.395,486.03991
734.823,507.0552
735.251,436.98657
735.68,526.21703
736.108,461.09063
736.536,489.06956
736.964,478.02937
737.392,450.0545
737.82,483.07686
738.247,499.10662
738.675,500.10678
739.102,415.97848
739.53,449.07037
739.957,371.90927
740.384,434.00623
740.811,397.95455
741.238,377.87475
741.665,340.75403
742.092,398.90024
742.519,321.76307
742.945,375.85599
743.372,360.85033
743.798,342.84241
744.225,303.69474
744.651,322.77676
745.077,316.75826
745.503,311.73106
745.929,312.72067
746.355,403.94983
746.781,265.6382
747.207,241.55127
747.632,250.59306
748.058,274.66324
748.483,249.55901
748.908,268.64653
749.334,246.5892
749.759,277.63284
750.184,273.63023
750.609,277.66002
751.033,290.66347
751.458,266.58011
751.883,299.71543
752.307,222.51179
752.732,190.46685
753.156,290.69218
753.58,267.61613
754.005,222.55191
754.429,224.51537
754.853,209.50792
755.277,236.54558
755.7,224.54386
756.124,218.52969
756.548,194.45259
756.971,217.51945
757.394,178.45233
757.818,184.46642
758.241,184.45994
758.664,161.40224
759.087,173.38169
759.51,170.41817
759.933,134.32084
760.356,172.43538
760.778,181.43889
761.201,194.46466
761.623,194.4636
762.046,199.46489
762.468,206.48643
762.89,183.44558
763.312,174.41978
763.734,141.33741
764.156,171.41714
764.578,172.39162
765,153.37017
765.421,134.33787
765.843,140.36418
766.264,190.45231
766.686,162.40261
767.107,121.29242
767.528,103.25957
767.949,139.35091
768.37,109.26729
768.791,180.42965
769.212,100.25088
769.632,120.27886
770.053,103.27064
770.473,125.30288
770.894,168.41569
771.314,167.39473
771.734,84.19674
772.154,153.38887
772.575,160.36739
772.994,103.23429
773.414,152.36199
773.834,91.22777
774.254,120.29268
774.673,120.29137
775.093,136.33405
775.512,82.20253
775.931,132.33235
776.351,87.21634
776.77,85.20821
777.189,70.16754
777.607,106.26995
778.026,99.24636
778.445,50.12598
778.864,115.29374
779.282,99.23817
779.701,99.24922
780.119,58.14734
780.537,88.21966
780.955,123.31119
781.373,93.23
781.791,61.13819
782.209,134.30696
782.627,67.17694
783.045,89.20514
783.462,59.15145
783.88,92.23759
784.297,88.22133
784.715,78.20039
785.132,81.19649
785.549,67.16818
785.966,102.25581
786.383,90.22131
786.8,112.25934
787.217,59.14076
787.633,52.13051
788.05,106.25138
788.466,113.26565
788.883,69.17631
789.299,83.20013
789.715,83.20195
790.131,46.1152
790.547,101.25152
790.963,88.21831
791.379,68.17232
791.795,81.18536
792.21,121.28124
792.626,112.26458
793.041,85.20975
793.457,89.21978
793.872,116.27127
794.287,14.03385
794.702,111.27219
795.117,57.14221
795.532,54.13592
795.947,101.24252
796.362,126.29881
796.776,115.26824
797.191,95.23201
797.605,19.04515
798.02,76.18516
798.434,99.22017
798.848,61.15075
799.262,57.14195
799.676,123.29792
800.09,83.20414
800.504,95.23002
800.918,60.13971
801.331,107.27906
801.745,65.14994
802.158,43.10817
802.572,100.24181
802.985,86.2078
803.398,22.05308
803.811,112.28623
804.224,73.18192
804.637,74.17651
805.05,51.11901
805.462,81.199
805.875,40.10423
806.288,43.10439
806.7,67.16867
807.112,63.14666
807.525,96.23615
807.937,18.04496
808.349,54.13582
808.761,84.2064
809.173,95.2295
809.584,94.23166
809.996,26.06424
810.408,60.15512
810.819,106.24798
811.231,63.16296
811.642,56.13398
812.053,61.14547
812.464,125.29443
812.875,69.17643
813.286,91.23342
813.697,136.31466
814.108,79.19293
814.519,133.29332
814.929,112.28371
815.34,71.17236
815.75,50.12751
816.16,80.19919
816.571,77.19979
816.981,93.21897
817.391,45.10929
817.801,20.05014
818.211,84.19997
818.62,72.17338
819.03,110.26779
819.44,91.23684
819.849,73.1839
820.259,128.32436
820.668,65.16004
821.077,60.14928
821.486,79.19013
821.895,86.21202
822.304,89.23496
822.713,90.21212
823.122,97.24094
823.531,110.25895
823.939,101.24473
824.348,82.19903
824.756,82.20498
825.164,111.27732
825.573,54.13587
825.981,49.12203
826.389,74.18579
826.797,25.06312
827.205,82.18784
827.612,87.21405
828.02,47.11088
828.428,76.19327
828.835,58.15284
829.243,86.20442
829.65,50.12472
830.057,38.09279
830.464,22.05408
830.871,84.20067
831.278,60.1453
831.685,78.17393
832.092,109.26491
832.499,72.15756
832.905,74.18712
833.312,59.13496
833.718,68.16943
834.124,112.25388
834.531,82.20617
834.937,87.22246
835.343,54.13068
835.749,55.1289
836.155,82.21404
836.561,74.18177
836.966,84.2048
837.372,90.22807
837.777,31.0777
838.183,89.19719
838.588,45.11215
838.993,89.21582
839.399,60.14683
839.804,6.01478
840.209,45.1149
840.613,36.08064
841.018,65.16457
841.423,77.19703
841.828,90.22653
842.232,107.26306
842.637,52.12303
843.041,57.14621
843.445,57.14313
843.849,55.13637
844.253,106.25002
844.657,38.09609
845.061,79.17882
845.465,18.04385
845.869,66.15337
846.272,37.09053
846.676,83.20006
847.079,31.07924
847.483,100.24781
847.886,132.31714
848.289,34.0911
848.692,90.22677
849.095,77.18447
849.498,107.26907
849.901,55.12642
850.304,129.30444
850.707,66.16814
851.109,92.23156
851.512,25.06185
851.914,28.07095
852.316,79.19916
852.718,34.08814
853.121,76.18571
853.523,33.07758
853.925,41.10726
854.326,17.04283
854.728,69.17712
855.13,47.12144
855.531,87.20684
855.933,76.18197
856.334,47.11743
856.736,39.08778
857.137,37.08644
857.538,59.14831
857.939,36.08931
858.34,69.16788
858.741,55.14383
859.142,67.16076
859.542,81.21284
859.943,115.28284
860.343,44.10923
860.744,100.24217
861.144,41.10035
861.544,38.09168
861.945,55.14024
862.345,100.24272
862.745,41.10221
863.145,105.24886
863.544,74.18646
863.944,58.13707
864.344,98.24169
864.743,77.19043
865.143,62.15912
865.542,42.09776
865.941,54.13377
866.34,101.24003
866.74,71.19008
867.139,62.14834
867.537,72.18297
867.936,81.19413
868.335,61.1551
868.734,76.19355
869.132,74.17142
869.531,80.19272
869.929,56.12771
870.327,64.15324
870.726,105.25958
871.124,113.26129
871.522,77.19544
871.92,73.17954
872.318,59.1442
872.715,55.13622
873.113,46.11232
873.511,51.12719
873.908,4.01019
874.306,58.1442
874.703,72.17966
875.1,71.18117
875.497,70.16741
875.894,19.04687
876.291,107.26015
876.688,74.19025
877.085,65.15572
877.482,77.19203
877.878,78.18697
878.275,78.19738
878.671,94.20779
879.068,102.24413
879.464,30.07287
879.86,23.05474
880.256,89.21833
880.652,31.07918
881.048,76.18764
881.444,100.23605
881.84,70.17745
882.236,93.23227
882.631,37.09114
883.027,65.15715
883.422,57.1457
883.817,12.03039
884.213,67.17156
884.608,13.03213
885.003,66.15881
885.398,14.0353
885.793,43.10817
886.188,44.10959
886.582,91.23195
886.977,104.24454
887.371,121.30242
887.766,39.09726
888.16,79.1963
888.554,80.19694
888.949,57.14308
889.343,119.28726
889.737,13.03487
890.131,62.15532
890.525,83.21119
890.918,49.12344
891.312,50.11976
891.706,62.16244
892.099,106.26727
892.492,65.13999
892.886,33.08107
893.279,71.18034
893.672,47.1198
894.065,57.14267
894.458,109.27144
894.851,110.26679
895.244,43.11003
895.637,73.17522
896.029,62.15139
896.422,61.14886
896.814,59.14655
897.206,62.14743
897.599,137.3337
897.991,13.03168
898.383,81.19042
898.775,73.16416
899.167,53.12363
899.559,66.16671
899.951,94.21991
900.342,79.20001
900.734,17.04246
901.125,93.24238
901.517,74.18096
901.908,78.18619
902.299,62.15133
902.69,83.19474
903.082,59.14275
903.473,-5.01211
903.863,44.11245
904.254,42.09772
904.645,113.27802
905.036,40.09709
905.426,143.32158
905.817,40.0984
906.207,34.08132
906.597,62.14476
906.987,82.21148
907.378,63.15905
907.768,82.21572
908.158,60.14612
908.547,21.05454
908.937,65.16644
909.327,97.23362
909.717,107.26907
910.106,62.14868
910.495,72.17914
910.885,56.14176
911.274,71.17688
911.663,75.18962
912.052,96.23502
912.441,66.16743
912.83,49.11258
913.219,100.2596
913.608,87.21176
913.997,23.05796
914.385,111.26227
914.774,86.20811
915.162,20.04796
915.55,42.10183
915.939,63.15871
916.327,31.07768
916.715,34.08692
917.103,118.28694
917.491,94.23081
917.878,65.15945
918.266,63.16307
918.654,43.11003
919.041,10.02629
919.429,8.01905
919.816,58.14687
920.203,44.10688
920.591,40.09941
920.978,77.1877
921.365,53.13903
921.752,89.2107
922.139,45.09787
922.525,35.08433
922.912,85.20604
923.299,77.1905
923.685,32.08376
924.072,90.206
924.458,65.16063
924.844,36.08934
925.231,50.11642
925.617,26.06642
926.003,56.14302
926.389,31.07849
926.774,67.16933
927.16,97.23892
927.546,23.059
927.931,82.2035
928.317,67.15388
928.702,67.15806
929.088,28.06653
929.473,72.18252
929.858,26.06315
930.243,39.09383
930.628,65.15774
931.013,24.05978
931.398,81.18521
931.783,56.14732
932.167,71.17294
932.552,67.1674
932.937,35.08713
933.321,49.123
933.705,24.0608
934.09,105.26281
934.474,45.10703
934.858,58.15026
935.242,24.05593
935.626,34.08729
936.009,56.14881
936.393,73.18502
936.777,37.09498
937.16,40.10427
937.544,91.21276
937.927,63.15951
938.311,71.17269
938.694,57.15059
939.077,36.08643
939.46,75.18337
939.843,63.13113
940.226,80.20417
940.609,20.0462
940.991,31.07918
941.374,43.10525
941.757,71.17456
942.139,57.12787
942.522,87.20421
942.904,74.17711
943.286,69.17476
943.668,44.11411
944.05,61.14997
944.432,24.05952
944.814,90.22008
945.196,15.0368
945.578,75.17742
945.959,86.20017
946.341,109.26471
946.722,61.1429
947.104,57.13609
947.485,77.17826
947.866,59.14842
948.247,8.02034
948.628,77.18693
949.009,50.12805
949.39,77.19078
949.771,96.22132
950.152,49.12029
950.532,-24.05984
950.913,68.1635
951.293,34.09209
951.674,64.15441
952.054,46.11408
952.434,77.19022
952.814,45.10719
953.194,58.1516
953.574,71.17424
953.954,59.13989
954.334,39.0974
954.714,26.06365
955.093,100.24363
955.473,69.17196
955.853,52.13457
956.232,78.21283
956.611,79.18847
956.99,24.0606
957.37,15.03846
957.749,53.12639
958.128,82.20543
958.506,54.13999
958.885,69.17358
959.264,66.16128
959.643,73.16538
960.021,61.15086
960.4,74.16692
960.778,72.17666
961.156,24.06045
961.535,61.14189
961.913,75.17467
962.291,52.13336
962.669,66.16671
963.047,64.16293
963.424,28.07174
963.802,74.18116
964.18,83.20879
964.557,60.13794
964.935,94.22085
965.312,70.18166
965.69,78.19435
966.067,43.10486
966.444,76.1864
966.821,47.12123
967.198,81.19538
967.575,80.19563
967.952,120.27897
968.329,96.23161
968.705,78.16629
969.082,55.14093
969.458,-3.00727
969.835,86.20795
970.211,24.06187
970.587,62.15403
970.963,97.24681
971.339,29.076
971.715,68.16925
972.091,95.23201
972.467,45.11235
972.843,48.11917
973.219,78.18633
973.594,71.18504
973.97,85.20099
974.345,31.07447
974.721,96.23047
975.096,80.1925
975.471,78.18405
975.846,64.15336
976.221,75.18962
976.596,84.20005
976.971,77.18917
977.346,80.18517
977.72,44.11221
978.095,76.19553
978.469,74.17583
978.844,74.18525
979.218,49.11748
979.593,75.17886
979.967,74.17948
980.341,57.13107
980.715,96.23989
981.089,61.15241
981.463,56.12844
981.837,59.14393
982.21,88.20328
982.584,76.18266
982.957,50.12485
983.331,65.15323
983.704,79.19308
984.078,54.13298
984.451,130.32002
984.824,70.16984
985.197,63.15266
985.57,102.25341
985.943,36.08915
986.316,97.23628
986.688,60.14443
987.061,59.13805
987.434,72.18691
987.806,81.19531
988.179,46.10863
988.551,95.23907
988.923,94.22961
989.295,100.24762
989.667,23.05523
990.039,66.1626
990.411,78.17853
990.783,76.1741
991.155,32.07715
991.527,114.27742
991.898,41.10233
992.27,75.18466
992.641,98.24374
993.012,85.19866
993.384,57.13578
993.755,65.16527
994.126,86.20544
994.497,80.19527
994.868,93.2118
995.239,78.18804
995.61,22.05563
995.98,19.04642
996.351,38.0943
996.722,45.10447
997.092,35.08312
997.462,33.07734
997.833,44.10443
998.203,64.15476
998.573,44.10967
998.943,57.13348
999.313,48.11506
999.683,21.05067
1000.053,36.08306
1000.423,68.16468
1000.792,79.2037
1001.162,17.04209
1001.531,62.15252
1001.901,39.0974
1002.27,38.08516
1002.639,70.1782
1003.009,62.14709
1003.378,101.2559
1003.747,93.21787
1004.116,46.11014
1004.485,68.16195
1004.853,93.23378
1005.222,32.08095
1005.591,79.18652
1005.959,31.07011
1006.328,12.02721
1006.696,0
1007.064,89.22228
1007.433,41.10262
1007.801,79.19286
1008.169,50.12625
1008.537,92.20192
1008.905,66.15325
1009.273,82.20134
1009.64,5.01203
1010.008,90.21286
1010.375,111.26643
1010.743,97.22189
1011.11,47.11127
1011.478,62.15308
1011.845,73.17088
1012.212,58.13105
1012.579,70.17118
1012.946,81.19161
1013.313,63.14955
1013.68,62.139
1014.047,36.086
1014.414,22.05223
1014.78,67.16594
1015.147,99.23718
1015.513,25.06051
1015.88,102.25838
1016.246,99.24214
1016.612,97.21992
1016.978,50.1225
1017.344,34.08425
1017.71,91.22017
1018.076,42.09918
1018.442,54.13878
1018.808,61.15213
1019.174,42.10549
1019.539,109.24793
1019.905,31.07336
1020.27,3.00747
1020.636,89.21175
1021.001,53.12678
1021.366,16.03866
1021.731,87.22223
1022.096,-2.00509
1022.461,72.16963
1022.826,48.1141
1023.191,36.09464
1023.556,54.12643
1023.92,59.14479
1024.285,70.17016
1024.649,64.15639
1025.014,38.0943
1025.378,73.18272
1025.742,89.21938
1026.107,73.1643
1026.471,104.24015
1026.835,56.13862
1027.199,-12.02921
1027.562,74.17115
1027.926,75.18248
1028.29,49.12397
1028.654,49.11272
1029.017,77.18826
1029.381,5.01204
1029.744,29.07421
1030.107,111.25942
1030.471,34.08163
1030.834,83.18749
1031.197,90.21508
1031.56,68.15983
1031.923,55.14202
1032.286,73.17061
1032.648,56.13373
1033.011,39.08968
1033.374,73.17075
1033.736,32.08435
1034.099,69.16751
1034.461,27.06846
1034.823,29.07246
1035.185,66.16558
1035.548,55.13367
1035.91,72.17167
1036.272,19.0435
1036.634,108.26125
1036.995,55.1291
1037.357,37.09019
1037.719,50.12154
1038.08,91.21426
1038.442,37.088
1038.803,54.12949
1039.165,65.16351
1039.526,58.13988
1039.887,47.11247
1040.248,20.04953
1040.609,74.18197
1040.97,91.22058
1041.331,99.24833
1041.692,28.06561
1042.053,68.15421
1042.413,87.20117
1042.774,52.12636
1043.134,95.22412
1043.495,79.19745
1043.855,59.1428
1044.215,65.16081
1044.576,43.1029
1044.936,84.19118
1045.296,102.25202
1045.656,65.15898
1046.016,68.1635
1046.375,74.1786
1046.735,42.09532
1047.095,53.12392
1047.454,55.11636
1047.814,18.04351
1048.173,82.19461
1048.533,32.07354
1048.892,16.03863
1049.251,93.23151
1049.61,38.09372
1049.969,68.15964
1050.328,56.1212
1050.687,90.21722
1051.046,65.15774
1051.405,56.13908
1051.763,35.08068
1052.122,31.07754
1052.48,80.19498
1052.839,74.17319
1053.197,26.06145
1053.555,82.18565
1053.914,114.27535
1054.272,104.24873
1054.63,27.06626
1054.988,22.05252
1055.345,44.09482
1055.703,90.21483
1056.061,58.14891
1056.419,51.13192
1056.776,95.22829
1057.134,93.21334
1057.491,60.14988
1057.848,78.19308
1058.206,98.22818
1058.563,68.14925
1058.92,83.18994
1059.277,52.12815
1059.634,70.16395
1059.991,113.26731
1060.348,32.07254
1060.704,15.03596
1061.061,116.26583
1061.418,46.11157
1061.774,56.13801
1062.131,55.1452
1062.487,53.12377
1062.843,54.13445
1063.199,53.13165
1063.555,52.12036
1063.911,72.18103
1064.267,119.24426
1064.623,39.09486
1064.979,69.16278
1065.335,79.18767
1065.691,15.03617
1066.046,46.10117
1066.402,94.21152
1066.757,58.14609
1067.112,53.12992
1067.468,17.04037
1067.823,83.19816
1068.178,68.16381
1068.533,105.25174
1068.888,69.16417
1069.243,76.18654
1069.598,15.03666
1069.952,14.03174
1070.307,20.04974
1070.662,43.10215
1071.016,30.06745
1071.371,83.18742
1071.725,48.1148
1072.079,58.13919
1072.434,53.12862
1072.788,65.15424
1073.142,65.15933
1073.496,63.14897
1073.85,70.16158
1074.203,45.1092
1074.557,81.21413
1074.911,104.24549
1075.265,66.15283
1075.618,72.17495
1075.971,54.12826
1076.325,55.13955
1076.678,55.12556
1077.031,50.11306
1077.385,75.16423
1077.738,47.10609
1078.091,55.12485
1078.444,63.14579
1078.796,49.12016
1079.149,85.2099
1079.502,42.0993
1079.855,81.1876
1080.207,60.14743
1080.56,67.17252
1080.912,68.16486
1081.264,59.14173
1081.617,31.07577
1081.969,54.13601
1082.321,73.17735
1082.673,-23.05323
1083.025,19.04531
1083.377,58.12419
1083.728,64.14878
1084.08,69.17152
1084.432,63.15145
1084.783,84.19536
1085.135,39.09786
1085.486,53.12109
1085.838,60.14738
1086.189,71.17152
1086.54,71.16873
1086.891,47.11883
1087.242,61.14809
1087.593,60.14569
1087.944,49.11083
1088.295,120.26869
1088.646,58.14025
1088.996,-2.00486
1089.347,88.21423
1089.698,1.00238
1090.048,45.11688
1090.398,69.1593
1090.749,51.1219
1091.099,27.06812
1091.449,78.19315
1091.799,60.14983
1092.149,19.04656
1092.499,56.13633
1092.849,65.16463
1093.199,74.18452
1093.548,47.1129
1093.898,36.09022
1094.248,45.11563
1094.597,19.04872
1094.947,83.22001
1095.296,53.13069
1095.645,91.23481
1095.994,47.11286
1096.343,59.1481
1096.692,54.14163
1097.041,-1.00273
1097.39,59.14762
1097.739,56.14528
1098.088,101.26808
1098.437,14.03697
1098.785,63.16933
1099.134,82.21638
1099.482,33.09092
1099.83,80.20896
1100.179,14.03671
1100.527,99.26066
1100.875,45.11896
1101.223,56.14842
1101.571,55.15173
1101.919,9.02366
1102.267,42.11828
1102.615,4.01286
1102.962,18.0579
1103.31,15.04814
1103.658,16.0515
